================================================================================
ADDITION TASK: 128 random 512-bit numbers
================================================================================

NUMBERS (in decimal):
----------------------------------------
  1. 12050469999181897863058162317380722181949288843353453087009944827539324012256937397627869776848098684080950975396333755310884550001346975795132226317785783
  2. 7365063100278753028267378146387490233170323330849489596322288981201442595549825662393007324629037525579032321375231442788671415622898142578418814639398666
  3. 12482993680580396394766956463592655019743998913566752537520353017662373646107340117885806606671139111224315523046702202282903248619445784524357652313787152
  4. 7467914809191340117799660431522604544418856297427592149883606889122397394971322648330780778924505470849569695148504277785277845107535924474399798951047279
  5. 4752914478688325847956535224780940402843661364472425070682197147751510959329674901994826555998468199668219978339720430188902222383963167935243738479652240
  6. 6596191837352771464532675383626909621873215259123672958813668340456243202404361591586572289357398296666564899499151624179083340110264363000270224444407627
  7. 2212106218757577199313433084723161647869959412421664151026345459402884640561144417772878629346967480090366472244449865241717007645574469116617735228826529
  8. 5030601168265607626722785144491473883630028435636324409538371676029491784077312194677506015545514449769172109057465432348835454726688564798479403964183729
  9. 1889263861286381946177183625360398165472444376302867415447857043980938131695266998888247688587065017475448395178288355006934026108178682029533594058423320
 10. 2255189176010376235265010402044429428158799766052795088671259217287425221373860804333934315004176667245485341065046975337079688712606822368127209830157350
 11. 7266756551632708876224069135252841073043937750194141712309982137549483277245481347008964205933416231414426625344592023512552928362583808683982997504891100
 12. 10310768957985631570845307514689224797584625470724782601027851891471978377372856602199749033140367678735118069426554891949906648101190709599119296387793081
 13. 9382352230769317257382049023670174059009053819631636621521097119129929928677537341031046932687245380873125746355954398572332635610616125179928756881621201
 14. 9777990291948629060652245309386366631955640159603633120117666684616785405117387616523258991255782567996358038509928248716065589848508247128186674112484070
 15. 7465225411856255374620501123684126588070470236506633357741008174526116301484123808608347564502925196132963755469022804572369567298739770571768580236903604
 16. 9788932443918330326733672840770660025670409512465877352790324805771543139731126241665638914638282468489601171479720140794746168248258180113695346382775001
 17. 3328511282194448050766391505444475054118298964972077739512697089368137763255594079409533121522178781792833471459501016621631633327173044545655909779266406
 18. 9622280109268446513430763738173444293472462428164021299188630670241683278498007780649887569756332435301613578638806911641052523084116975136770631910814125
 19. 7221417230214847084665774067305753360954402586051146613173858545931222871116536469353330532685419981637663131434336734339450047685420790582090649785211539
 20. 9616710940810301903546839078667985742787184536564419851674968013820163551229794557274957730199842399648776242956375179705982988609122015920523734993283641
 21. 10698676303505222797522977264497497984003824363661678061327372116521159776224948875679608492155403028844804551773230493449800524805119534562156038370076404
 22. 11788394407066890938151562423919048682406632868168565355333369888595519979821724970293312978563223136097264262443522726145813300515163657210411954395008831
 23. 2717545028112256602610903592875268680460025963285997452232525095992846595685855767892248123131706311890669840399084049265641198799494657738541559207853332
 24. 9219223880340197925624616771205706017003852291884918319604769278417231122859472093416385246432123526366888558331501770634801281754077233953565418680154523
 25. 4168584250730576814136466723837659527515484918302948468021672799519553439319019683618658133407487085336615114151783779562049342496026933419717500600952466
 26. 12403597066561726627126430995610478407875618327643500649683267851868112668085158673337931526059533067343819300359538434624554774766215357349091311381707762
 27. 5591091205204766293379876694729319220623763727838796193286125326112071959165731882133732128119948256896917564728504077502010055334648022964860603418477177
 28. 4309820039504397541144118067654415479535295801810728285324391738939227468080803711538938299464197416878622162132246903910994739079556498427221538116636134
 29. 8942427152823322479426410057054153166073995289556811481767819048368020809416762172900372964323491781095999905491955398156972240270668792481982710679271056
 30. 6713312296345252960755253637048367933630146490048715811799806832402092332033813327677021270033307744608826234440322442720956743030235376963176822178837170
 31. 10373946342390426973718802905443983573863016202639186548745753900701320029640314795690197897578070793179550328013129315770730209006596040718554469647506137
 32. 11566906890541461316897749558645748277303643877015295133974538441946523003974692891449481942383982269896076256210910850427280987523768426902628985901245610
 33. 11656775706204161845260023170120616453771168878014091916212097966879532558854395842618750993995820225731264093183236310421049284181081080380131201032209920
 34. 10432903297250437751958705194826408002862645667781019073334795093906475758238580875102710135793988231669216521457507172362904773002852526100252274832227519
 35. 2261123188487060148136487012434379140284116586031232623949284393979347528182586036530039266561336865502312051196719510757023247138673889497530449219327005
 36. 2093848262141999279734793159244407558689790438719398629391620684179553705197805704905028037196371534704081460430210629581397938415096158023206976719056896
 37. 7185711676441377724240298722904229716703228246398484001919083823930722719882887471780083884031999242254676999830358978541938182669754890941649465564388374
 38. 10814131063662125105568671065047002930475661440093142404517601004862697275178292948344416405540479739404215102527035817470708317819909124883546664695749135
 39. 6333385094846621105971844295244705905272085015389138725574525622278754512969632276668633000593843582382162951673974204054244276199702628896535878021545674
 40. 12986973908058284554857743268604801225431335076416398049376605521981984424706063423490776024407533465485764620416540547416821291858024569096235418850752786
 41. 2215645584473466558998672495874119997015040553425467129089536261973395214245381900356446863688619542070307842694736013711148666095844838389806475852282970
 42. 11768835858352646315744126804914927311493443200688744577366614672464167759013407730282911174540275177723372278497206143287899048566081530325596867826662078
 43. 485491646043812472123532477408190020277254111747316724981838400787506701611216167043490166754765853135814821191286164595120317384330465564220476910578319
 44. 757750455951045196383726996858304345106936893807410295341987282833657975497043682736347058017984407654715872065834632180658525480259017351155151413362860
 45. 11822872702707495218056364371877199123704945750195290622789219778305464715927969113175367307382459987519396303670390830002117039586478021730922560271979745
 46. 1558257421783349972309709440935262755721454418074005708059497000130910346106227978751399343911819967443755011272181635474566016081719818877420616043318752
 47. 11255755961033993389602739533135751933354187067107643074323698207504339688097294105246973286014242370241559599464978745945773204287427779160400612475068483
 48. 895119987317476338550820687920578115228289187496603814031530720253088325838058499808184048270824233173442294964984417779637803727300108804306332336307554
 49. 2220262136006920440187823028405465242320512065713624300706908089312768408128244902740278994358838559347133198287379860285813597031404027573260153749362424
 50. 3840790721382330090074763694422107941825213747359399352426615484356933669414258471046054650620410074012591690131219923897515827967741826077503771417671067
 51. 12020262311486324953885803862627002293446591392778106383763281783636479001153953301372421854917776302472455674333739947812752821306714124895714374074592529
 52. 1689410698486293924363612398190727491007297584913844755808462931927786754048090559157809835239372367456511874168804778260844383440486262724412661302282482
 53. 4884353090315675141665272697462754451739103147142930580963445785960681575511976170729597656293156214106900138466957072198452979076103082579097605147819510
 54. 2922758346420535681267514868578879576064699690261653671873749153308688313225641088916321129221834909505005770792512657311540684128925144432660931217816030
 55. 7299976466214971098504700211904606510780665167554134174653403936842428844893508946863632992799108518431228380245753325366611168808306438094408018725096025
 56. 6476115113183454574915958591093547099936956610650051388460879359919843320677033934915647195461473581966239562638947800606346200019165540822203777520313624
 57. 3669275302769452695693600685571566332994679301520248107508121512795560900849491020851508436758884081699195358023014919549429389883671690246752403453361893
 58. 2399620269981791492965881090056950899114091370426632431099852829470742647420913395481119052461719163737182663183180811096177461298986803731359897380858359
 59. 13350818944652250401351967487920534102048921446821705055138491703277054546038962102145914730544068425752673762999232121130211241869449371632959990391979322
 60. 7000599928832176149118806929204232949477531821374782986396545168508734688808536654659682893500070575745732989324619586634045745679569661829460904186851651
 61. 1976994874190265547290409149536620937670850604166887505525964145408619918745311886111590884549964734090121098068805845124017386567244169583979426048346810
 62. 9549400402212215715284148893973594945866474200645622588154453413674021681521820614112347411125993335030555908443366787578111803094400117108394598633670161
 63. 9870996125166386738950470424014078114639357284690659477010454719358291879356139321012941582110491638633692526649935146957112513907036679423393482398928061
 64. 9071816772626661777777433830674660611322625543003379102206636160850254319106132401897902140226641156037161432460341445615434128997180898549161730719290103
 65. 3152832513671597980137349660540281497439664629609311506690108852895200205848742578682624819103964834285573252043284204179781696595290591166747197583213424
 66. 8334661733404132691797774831725721483767213036068235432562446565706619619034645984544857923199310988709524083053121425499404527452322601958169528601472808
 67. 9443192808818602191529455876036737546686001386340844156514032493355599907370323461909121808679909364303942453051691904759591185050673180383249577186628575
 68. 13001469075550243965764189952743311945476559328674774062740148146274740711407111745577328581604105709379652691309683134247182506941894742426307865355300379
 69. 10711287316199100496494433475889500483178940681059519956550264746884503435272327911271565003989274820853269366625529818003904744726671355915372942825558319
 70. 8658171295620251040073654353307580656686355885808532814926337605054572039056541487425536310445703596251530030897158585150263265945100362507445599901107815
 71. 8788370454694226064611326518951690290505716333545906580225430934494034309692349800769743752185444990585679315270720823709291934603658769856578160120202662
 72. 5706144647212211409711744008349833527219235990245530355041183124736727137551631461876193121856647798511156044902036013057272406238464572703312968647222028
 73. 10612042681195297823521090697482824747616781813978555329387007139679299967266840612256279611313601918669234471935529698585620708707747604459793767359642951
 74. 1622280649032066239494895217803167471725188838286382221580943540617282710550529107734336722032512588006861944520977250035585467510315329573868960558728771
 75. 10482712356650193711520594535264281395909363435189015390737067298650487543896224390222796054849912297913904987458078053394994705737552779568977389385463311
 76. 1339355366936111783509449117267720096229501622527057928886571750897316260660357743402157162370232533847957994892926090413673030900469642921177578990653665
 77. 2177269663535612543748347401372879160499757959952579364632993433349625619376990506723408629092032618147591585610616780009316876754352737824653417975849671
 78. 13315169103358951073678451530626381840230031685476912228338568340229599493288269938989992582953308328045105286417803099017601762176990939455006469631748636
 79. 11675896428237248750457949054753985504243900767607015252364996241209425441478763194808556224518592181904125247394294309926359334721806925847978968257982729
 80. 1117693037799121012698287661649178930149816925691680197916122876874535796868982251956797084534047139077366820591702949226457427552820955293389782055221183
 81. 9217585399642994175065552895799975643875467983856533296636732058617131284678026005152977255551483914345378521182258150708412351808562954105044301172140110
 82. 251694951938370625444277651346259465066115623821772713566120647609824230414967967322471625581731418148070394534633298993136823851341880062664196013416842
 83. 4570683276590991327310435846968556536918132222371676398380634605545767101608897307727680395664391126546418497032200848817579149014284316858568536376363781
 84. 6549083183149302668717689331635235398652567760902997916538475910422013458044981522526655357990296087231747537313343211039383851161476714073888860178043850
 85. 386748052000970603237232620798805454403661448806360911708421328877515789416768689930474262391582308659764215072364828996199241834925865549913697063764398
 86. 4572306351572887238561528473090993534243691084799168922404859801522789456292309471258594684698306510859598869390470377546624654232736305849418554912061279
 87. 5643613394859558921227051494275744736850780452259611627690519135923651194099894153031928273824149846792586053151861896015108864580310949101254696819062519
 88. 3726454816989631059768753272210110479641335893997386376911756347033033911129507667358599913384031801152530696645627261892811794194956589698704234134018856
 89. 3959213127209916514692055280438007627980716923288140365270877019912592270132106764080691500342826126994469459192223728271918395680045498246979198457642329
 90. 7846785750145846416813268670954517459700792812699607792322335563671093980434583129127569044838167255538007765223225040730822682873047873094438461133973291
 91. 12384081848914846235494985864805530755970540800622036440797398152956565195090219115546403120637757357331839962146901093263384592200918968767563182328757119
 92. 11697938293244621564380482348316003617113223423471868615058876919680016509518614971381840612430739980949194937010319782917113890795730191496294693860141237
 93. 5485363223121971494718584220100224758339921183981253772169943950938178393239840756099300394433253995823427263063573328861302352670435018880405113001841802
 94. 12385707096802820837532426178991325459360560997999737968992131345225578407549179951907747166831684289652621905272738540179201851342100789226133922487609811
 95. 9538415176423153710408936810194938252087597506929736188337871542283568265938902569083250959303488475005412031839488027739942116612586802846946987077324276
 96. 8899763852076482691871951679838608522646538657921508795391685711552276776533480714752161543177356221502859087014731278855773342779619280902696861106235940
 97. 9499583265385444705328265111138407940610577372553111671437306818642675714907224717157097741383332395652572127418766951238208081721997657976778098390116460
 98. 5524257882040183964067822537689726152127531335975701252345952020807778031551151367308111800803827406816728208842068182578020162233783566132783765322210992
 99. 8951111823352643382350568726569035356668255425940200905867491870227924574473451726126720689912615977286870272150119196004877991851391358179503858285806391
100. 778575245595453413330631231034714417024441378763619376287784165601226402102783076850148556769920002717005685119657833698393153966377074334916448373513408
101. 3142622673497907575695364070925685653412105728817054678896576991203081293162555215750782097862300601231669367842739682367129634795209032816049452278086406
102. 12208073301201340996599844773912471334733445982922657486908344743013750231912308868045209895740603479348649216924866031117846444732712643350899153548935264
103. 10756158535983607799749666170489215066357922408469339240442499838230609866273297514826167471869610928881156556338778519363987873270670188646802195257837967
104. 4692302750311212645519973751240963845035511438700685007251022719185705949797632180218390733103128910293692607501173270224666248278906043121563179119951783
105. 3390647726796276500102698124356936396350852426336984806331907867887133084390229891568106720830669676324930444880563874722925329199004739219059024555827285
106. 12262086344910626881667320442035873150939163530616373487652951807281031708525761120752507375396554489153680280831542209546601983541289030346259402598639269
107. 12344137074913220940546859837767732004686484003127651680611964446692641574169879940851543684151781092296263853809021543158541092431580473355720405864384165
108. 10651623149991342452181342312703555431463895728311570277444139951796657022921930594196190440078742479222220570716432004658838536782165693931675508710568057
109. 8356683004577763537072534462515410102830696808185299405495621883516498430675365246555535955516027653959302060716210911737214525539471810973009120449648713
110. 4800521962764397288254500579986786344700590248040733270711484628281620207194664129842834706130131392402596989114835761399207060072226650290382559446513654
111. 8363990566205671696840901342055020450432860162192813066816497813700602490788224740560476794982362370962207676787553147071139888611396504694157967771642833
112. 2758898389978140300079183948375556982597391180942020051656573162199300800363183181466631267182644295563871792453914687058230530961941023913561396335217354
113. 9557755919950781643023549876117091656782911644868400825301848591364800694827680008204285228101500371319719329196891216906338857864917091032022821777097402
114. 4539282138547162429459123089972724395098641696721033276133309130591287096654209651174877257400089917026570067445841855243951299920982762557549629451455141
115. 9064294187978468129222152131550866260807325299299795619831528267275169950836371447955846136159644919894543342553200550653991473368072556825709170739187814
116. 9198336962316437911460688730884446623852336455504544714029448177495862155958234347880421696392519118620603303555091809036360071618398639671383634935274165
117. 4137514206247346543942669452705865269795535217063274875127137869023200953959993352088598971098160088888317062765349305968704276715678006843548813062919967
118. 5104909219854872547285177520434746259017306954716381034414861057053091124231467573132138366935665409937801178168603449598690457526224589022064920588688567
119. 5363638678545431779886354166356522597914583722160035135927372841190035113583576695808006916464226697680602178430698324355829926304156068314123028887950477
120. 6876162490041898361965628352538783805664856240060975818162466535720320553101173795934238164072309869347684778570699648805217874159925862084480940518072062
121. 1499994691979141141855786611128915491449538490978268663105401642136331331941286620555612486966541461984223994710397145723895506359378021178706765547198643
122. 11063708616269297637844667198795153863892796150205069509254528783682049956016936529754828797298923367962547187137276835043746815093114939490577847169564979
123. 4522877989440202166050722122953885382084424666025805170385593767897111630943415889236457008097286385845013924319479185492937075987471565418211667937191516
124. 6334164802375770790677061569449829978132278527641873229641135074742056019276917989777348365875851577534830506607305213136666092279353174755571502630516367
125. 6486642193564958677738281553801572646268454801395262775236634208978674051526582652495703979217186574511469236968846119614175301264290196762650293687585144
126. 4406738470477425792753552527190030347795174655721924050442929959234407507784701847416813448426039132071193260474655953657143617037241885076023543541029401
127. 12897151562806902074043727639235996990387999503593924311607649769085301895799369026943595692855247398422203694875906050117435451901808605442482389928347000
128. 10440988258692559162379348498874681868147433415739217739463420367928112659347474655359379353192024477033284855485122099546904622908633417975178120305187578

ACTUAL SUM:
----------------------------------------
904374632975195128146989163792783816089218512795734451022528442571452460846552598483934611319856124852448527856431134138968244987715709348458205334788058757

MODEL'S WORK:
----------------------------------------
Number 1 + Number 2 =  
19415533099460650891325540463768212415119612174202942683332233808740766607806763060020877101477136209659983296771565198099555965624245118373551040957184449

(Adding Number 3)  
Running total + Number 3 =  
31898526780041047286092496927360867434863611087769695220852586826403140253914103177906683708148275320884298819818267400382459214243690902897908693270971601

(Adding Number 4)  
Running total + Number 4 =  
[attempting next addition; continuing from the above running total]
