================================================================================
ADDITION TASK: 128 random 512-bit numbers
================================================================================

NUMBERS (in decimal):
----------------------------------------
  1. 8347420586784323784423679514760895678683873225792050815963658961014213068434187687691964310649442401612363420916169758907486404917738152176301107926595112
  2. 5064334682569193324509608257805562455336487314922731441836862323775785867931049205447556204580308587503398616225570105697342012510099825226753487109215371
  3. 11900479325427067451291191822360948399176486305889066205135221499390944919597055422003668829536408791221706273151954612873128549465276332074844295500208498
  4. 13058585544759232830597177392414992541116619759398197234382667170595046561369688603550955490653337358904971093109237252128371415546762678905738037423613589
  5. 8495959728069786402594639319579316471343995913304496947553444704219377577356656534371561569575991046830033142969360348344681645714219122709374433223540301
  6. 9933862651723353499021509791410820928829871327469880526130588338645230316026002838823435520033323288023068708590215669928402652941597534731035013128571374
  7. 11221375560226455896030579998612611015180809785446988911261715888461881416154402824115898815834425632929939924506517245480841820741146580776600817078767771
  8. 623738562141594289865036685711081271111499173467349027639443094954027187911669366491304657392655692392778275252859484173315371921837630440022660838075124
  9. 1618075042015577199820388218971110618545079519000600869193745140841458429413055622417892826598049619242039756769464316699016672000305124144630538077124818
 10. 1866542071127232259362839236445613182970404488358099972793618650749586102900304486525877093769713850443876565161461541726810234645932936197201162615360647
 11. 6071489508498754520030993884145819580332910778393398254654935725032638576495127850974450664911968165541790925872185274588065532319448292944855085294876892
 12. 1685850326226363636459921984108877208758613819564003671910211359890395742954964732653998304500655528399060749076799931966350552890635358980549998723377831
 13. 11568905232621051578027527341228567836235198376827817804015809291638868562135516999479068325844931567545189486979957766371596303615274299675240709079438741
 14. 13082092950761649674667375338486710480925705213200549925657089124139488115565266826724788280003361526722775323414201856501714510004146393677877297469240753
 15. 544378408995404334938583527837732858050074644456904873741598283987171429250192033968961272494224437774015438697633176591279445981220847372728417504533743
 16. 344766686541874551281006420290508328984988412942725370267681929079184595856214942101040507773569192070643727312212896059224158295768358981895243875513178
 17. 1450249270312942521176406787334409177638629000604144719001953015528406547903016474650396645640789117743273721887708924076739425378997259465303527846528305
 18. 7805168495444602172770036357528004659692737528749114301510385193797902707028854594577852512572023624015118196160645229710202918950925501507770587524433304
 19. 9324072842005200355069970717106295456581907849195561704790041922580350724214416972219598985205201921161572009161033754054872704630803505521802772504484643
 20. 11923363686625536081235967378659831150083423440527035824142237852396314888186350614897289675124031827748919867561404716406488201093788753569394340976301805
 21. 11404716703875979535678728825656535778255076153641312072772665297244285019796965746290163134495733459598392235727700024324667506164981795486053054359829530
 22. 7554261183930143886035789011486544194527461736417014093005044496099304554551495517769129922642045464125919287906092700116576782907087129032614327949927010
 23. 10344057915019626596966479208821670263824303125983457199500380014686839739186418050872233691540709302496918004567670383703978215068176330327063579346101458
 24. 8219438408329114599776484801218728156579550951084208168960367985331699234809466625079324201146055857412839298348450882176807303873684968787647014688379720
 25. 5556937622962943429071020482572558465224515405789479745213938896184484559959490568510293151682992507024133587905543128999518128807854378255793019299421989
 26. 1388970623682400667844612809080332648498994484217443060215466746318405332212660338810217928467267751280085489690891786779094790826236767480847265772811551
 27. 10803079440303164182608792294672471331685244321987444744923815550511223763470871313929989747683393288036259171126324454660985476314895948774252315044646890
 28. 774610762394105248081927261129777328336469918608423007421772737592994665046874072431882849125983901568536205145604912974483651031865385659741700174178487
 29. 13405857853360960109092328486858066384249700708229058277525594767291520870393891673988999912469878153313273140132969050876891669760294400155978268187705145
 30. 4406535673620337866728430702162580037299134898745079099303817081672794618447937619775142532419196142049109959273172802965394084066425336092282736595593943
 31. 9409938198458908460646927835171833088938370869810318138224357134868372931324004159576721022298399765837539258476876136403388721644059951821460539278852761
 32. 4300897559814791276487768353878575173591096633851127283288593118300457878182844090256419991843188670220940743546296131423769928825602110128580978957822797
 33. 31792738772175385711780504175608307345845291202854827222231257508753073826084194024716139778861171469771868987419797879108818463900653372700448266639695
 34. 9309574239909624215721913073645290541736497260821407978732306793795205955209210745021536868813364880579896035151078202367329833038829550686986999699584349
 35. 1046033489432605510315423665337942693104036849689936983269458239541038590618620421119348842616352796664342237654367150179635405437351106453737802778712303
 36. 5459571050031501765171705564935767465391221065549896063147971686611766248323691107558320102970107513999692582061961849055678876442607558509382616210169166
 37. 12408692370010640939788445372914677811456613708422505456681494581007705513193804488628656576103669424611628263267508741369802534561633251261104190536500014
 38. 1105903707534792665958227823904077917557610850613197229924914807399423370352664306436977129843715027338312038091948012951532548966288123733774855068353115
 39. 4918164637103383414186813545999110016912798606590641890380028755047818356584581905547523257021938336151611013806030563419288657339350836505375747933808882
 40. 11336445682302448572111628340597914659738775163693461235237195739198766841020096844227121375996293827991156643840143694737059100779421265223798718884398854
 41. 832473056776283680646785459838118959872110346650230564711683417781428584287223014523338528933488555570085180704034446093507885163468627228338127859345345
 42. 1807962178253125742119859607742630190508238939654461489039274285984506428988561910639289184727204575547158803719043659625394109248282955987587358760943537
 43. 8613665107235069886610767028938721368167175621120537882140376171622413039117222205525745469159304986985809859562415350674628514271997663246478847290046763
 44. 13021598068921930051285735953794333110563462461476932731691452858277592257549571510065854861089038413588132896465239615550787650064942780660891812530018052
 45. 11061074683571896523433359572833270393551192265769721456298919404322245059811399860124723004589417896544946985326855183914161511686323963809416294938746064
 46. 8088290314345350537784119671584246866747525655026269860750028210026194214756910474336343653115497988864129427144013673809971647648644174902989492124086398
 47. 4729468699548536141417946164216425491499871704275870233392291255004978490611861799458418004789814133235963200311850479370794438727947400975662069979935891
 48. 208668866188772257441631676081090821301803205127938436991383406261290577070718362557891031256904993332197701840723860452567477504667685386121029328436002
 49. 168669768943716324923522084080726823383724188174749031463205101385101615781859157633156270355134984460797342735311282336989897667231245788421651387399046
 50. 3097366056987464665131387964275752041358201689079699706034859870807891992735264318794651626993780966610161845283454005773676736635553831487637758980360700
 51. 4459400835723559578095156529773415993670876408503312200852762443609206759823858712441749955925304700700744746878136350666871386439454672101386261114597573
 52. 3554455210054457293285816374634655085356381553079733979180306711702859775725877372370750628178894022212331082936527195540460990284163355947917238310558954
 53. 4545520751105867185812231432609877553450902583262867806399345391486860162930020258851016414613106288011701867354112098077485777245036404204714279514319466
 54. 6985258069546765932663298397708945279772890858708582728886005334050302764946687041133383498058924598549783347425671089964842204069748101184382847448280369
 55. 5220838850504441783588172134464366342217976138940072159502789613364162727304961993757704776636737071485639570981553144837337340493754409707497267538429113
 56. 3840596307463763208417207211594115961901958265718419678378580723304792814597183062555167596131700494879303791593526832709403130311763590723846089144179937
 57. 7429996126664049340652696701156491107066659362886954022815955828653895516708816862452891774488247599849714591819379234838904802007951294706975959530121155
 58. 1856243882375296912304665745878855813326260509213194106959880390001015510059820694920175374595684744485872322376723439250554593384122141330571484920814664
 59. 1718688401852430500107141860590025503805724413242616300372441984997581380950625820906251489784954494001822018964152733255595990348181755740237259873792397
 60. 2073194427150093927664040818305069428173268228383285042726065756240849582220399101315276155191757946231002583794083614498454118465754763625118893812869041
 61. 12322689662475619812261515322897278113416057271260155596720419583426747621841362120397505536730360505123311208483634776743579364182448234830576159677718635
 62. 1942622990527927832774152683075337553737818803149878823114500217274859335001098820597043387151031426274690388589386495922809698265184963361318054943291812
 63. 10446544685179986169589890600725064045462780835890147317529660615001355398254788486370829798529223113921024335318670295813265258778996987342275572545840695
 64. 5067899302377323232793288486834426443323054810563470192729060548226943401620616379957830347260078823920677516224633249748424840875631715287940343003192476
 65. 10196063909209454455003268070550238529265318776457184597333674433911579957885138135389373962997053407911115314984107614445908355261519827613908363484145290
 66. 764730504679281724129577334530470586013062382188614597132828840401942966630319523043260881970110112759812770293222779841183719626232273590486667344464288
 67. 2722688435118839971765966153251619535652033654672039482841399878491800017243722290660429228463564177434015040653947092912516891680927002434054188074237932
 68. 798004922168557588001783978886671841463100047075829382071806604078519666017677318048296665023540703993784279557094381936736237705545480062037518269854852
 69. 12993613127483952581488138358843875213884272006262507006768176189609089536910231321153145810899011808132227889547447918924355899978473840514356310749483140
 70. 4859270261295583036885880791906424202491968833713968137891809462475765809789346307985870684420716176841548651813547747223519567153331233686334375309618081
 71. 10281005797223922022844443285535186107935804840994326628239649532419821151731747174797733719683003889689059253336889883229942142992033128694187653205439638
 72. 6635705991897477182905460718749918375137546641927896835394487898087667040451626468131585215525184631002852681798046585318957348264469358444709479360555274
 73. 6140829217768736139882868496912286441716463071628606248235865025730043435276468614303891406629090090665506883683208598135546901285906889485096999146052846
 74. 7122503641495399096337815248281296880116276327522677512252751192777046486949915762734166554733566557500012683746841048516863623943607606663626927980641459
 75. 12611625669195996088093524992531754618119988425283227426942468720348339021411306701155322115850942048822668187281266259008342876928427942310992874539355659
 76. 1534227643834246699523745800476265115686017163754334959890747210262708561487117282839128678316695599189829621504045224443620653400284154647189713289935645
 77. 8934281602222099039974227111829448802269515049792814105837082450756474538386158848200834735229773461902487913440733195003176258414242543062472740986275727
 78. 1894633728984338057671677546820498683160200029304553019962634619233238033154535983091522593452615816937828495820560374017364606345987334741291931633506561
 79. 2178703132708394060959527436117969304532592702837226660927729952941769958843222553128928104249556581309267748334504773866703341167073583694326154111640020
 80. 2060411223089296781128194679941382384646641593902272577950386343410744524200065714991110939047300877743745927242041522393771876287507853561449772822382716
 81. 7332949808767657849563459208326348744094574164231996630624469190714998649403585909549235560466266235342126573942102977802740178491853075683437352914384795
 82. 276161516596330004551398056489214722185411422004570240633149434710562037959575055858148675027732245683580812981694945295221992680110045022266622071104050
 83. 3407273691744965243791250755254455222184724944134039085407350481453317126248216353143903755649257226186282246021986476944424566950615716733688591055034004
 84. 10210388736880520760381861658290435946285870175558811781725260084497211992816172659791281986773926837806851485064150540301697042757779338418793220336660560
 85. 1135705559955047119971251553706059475895582497859902100176689828331875851968778666627374456721933738234041036223706433950237794711849768561919951599757455
 86. 1180017570147973317286120250929824447378634460101174757951700277899935225095927946873847817582207298058066725300543371138872844993376972355971798740568479
 87. 9077252834738865476746922280467950525493493393862914193174853850556534715108517541747087252652552644536395383624851704380725702570942607901653442803219250
 88. 4802255240904901943428555481478844753030400987053886159872231484950489283251714304520059818156494974665328158293607770807735496224947753477191199512023102
 89. 8325963793061752356627996430456933710838393978337211078885296208467013472267009107824132816348150506493420365539543257774954067367049691719548907939631055
 90. 11277081141699533716653970228141688917885344720950724761546478565008753587286882104519721756406905838955606721699773575280441396035513469880483181918611164
 91. 13182590870350855292174728311941709124011329185384661471307539338975799732537042499594158208678334770301313219588794199968604147599854888138756384423572284
 92. 9819746672747487017804719575216996640472558886183150210155961391190939356601158315305196254761891833292718215028790703017659137153772633924928927419472946
 93. 1313404283218153737261214108765461787759725011622473843954916428688153720719127723182438653134864350482029325062646915430566628366815560055079922223870000
 94. 9776912617029729809573598597677353716807795139344880712099879755673830773461071370165006903146478027617035649855598309422793015839202435310828979776365011
 95. 7902276891856958076623276302905582368697875687983674286860155916733415861044312189882182704162394426403019412901559046717213022901320517393368375044715772
 96. 12320887262354762171728969812121854480088713662790545872115052025635152674439397516461856502577024892963873911872360168174464273626820427969373769354825242
 97. 7525309800618828995963342507037621380095844436406856756653888246499300595642190738603617628219236541768363563936405507793300553631877851371385504437871872
 98. 2537092265809084220282744479935899477333868598808987003560477449680131532615794404940529563271433950747222805538802226920681141816414803771793942808685840
 99. 1643435124413343249017869453641541082882970020383637161120018682317351973913742408506649702476634747695460667693132197794613998401248923507228875128848862
100. 5857621568002019092808471136696964178645759527042038838192452505211070602555563681894680553353466285213293270176365115614071115281277691609896223778293665
101. 9695268069300607964404805992995213355764597192921572906432117617535860285056286078224630116667676420604775334854233696600509581162455337819316503351236083
102. 9137658185836901868089241805507195269957004103094812624039997700410438503246875999623034441698546462460823767069532529818704837470604991397968020128921976
103. 3499900217979470655337234194985173753652411735657471665235760945126196925841728786431682377061254726683744163474359788135115861242317555130707267420352263
104. 3971727145150698161548653921437708861878009126978067940991022947240957123438736066120064935279259397823163734605887627144909581760027072661747383243433353
105. 5900971340842005580753604136286394842021117364788819707779716357744468158871071130388486088168493641966395175113010176446881107185931773750757968526667781
106. 9110680568522363170755597624205501191564080461936863654351809827682807327079912534745269859489423114076437056623069813175874660775903381537374850490951022
107. 7855481828842595428362085504949800098962977445478688514440135521314281912056140850153315027239924053048522413592047676138636785306149738997211735194237426
108. 1330054601864754525410554265627024407787139887568306473818628304520680739160354173436447696018107049338704298060645285355885057118948113005936371555457648
109. 3926918609044992144331465350528981122484373047013899381249896556797038216893353676048231067140349278214747492390922749038364333848513748750476279314907804
110. 4996277074059557516957171848425956169713081178445192262612518045929570098939895533501611733456207298650599435352525885822219936985183540051779726165951479
111. 10418351689062395895555909612177339923889102104859167239378856137439651690350151528552283039441090708147265564303470097500500036858023665101826849328796146
112. 6156140691171585676897001290638616664360168592269289605205448149360454427652772020749293068394635461484151916174146057578489454090354497211253051667131627
113. 12589570669902993245412026698046817924267988805135646235069635553454381862303158989212996523600305054646894151427066588884736195750696845948357382612617490
114. 782586048276845723222025671557579311191604189063556712403800434429350649669895187270332666593586794275692683710934194039056098879803641190587555488565051
115. 2571233502980116385861603681993828523182040449449617635127128512327972724593964107602602917531207224463832904199375659323994853575258430131435343818795609
116. 6608946096767321183531516395917477360635742685501427917422656553992948025554830977994014713508921406966964249039182947559183484447967664534377045076953822
117. 12966030009745094642404713424331240545047637185991757596171234771701844166259360851146301885085440372451185976799076600306165945358967228198563258236417425
118. 3694702471351808714829065308818695864732446266491499934644769818389656585081864981022926589646431792131830343033100344483272935665511696303107405683622652
119. 2526638505524202742583667270441699539417283035932918543733851238460299217934685577723638154851745721188331646487238949087808210991377925768721994638067322
120. 4830302568089437170861681130831971045597619280366517566014823304162664505652398478687640541779977183835804123367269160435472669431969192193644660721229258
121. 94101092574570619708838564565082576806970442518194109003769637223309431273840162440703764627764766280021234757698106325631935663489365544127056929014803
122. 11354825936232066708296825350230105853373495395936079622203742226023010577654890558213498528628072491781514459060166905509818153701666875390078420624441930
123. 5378355015481271178932521080876478680165186606062312064868908701427170178292384248515617973891504049932285158380591317300558597621007456366389633193940629
124. 4527627020631887138659458274592497325570510931490451822153923677610438810061936060919472040155604422682228621526963987891921788593872309062798431280405269
125. 11283623698284997894850072502179561177098630691269299778507661495222475555686619923831361405739809342558935725886381945862075500324538245175166850413598028
126. 4490349664228985844206791867219115647175342593095869252028594987658475456384663087725247284017380604777061280863048075033936494402191113414460303037559731
127. 12902858359283501770246524742265596248243788856510711436934766815818402973382426809055842138241897883399171140928673601288549719641828541792978606770047760
128. 1874600396408480497824448429581437238792088957014742219140054488580529598094038846358880682728542004255817572549419117950176445987154851221370108349984948

ACTUAL SUM:
----------------------------------------
787317784464216427240636983558515149702960661061825056851872124109463934663664995489570406366681225786392589420331735706909370613337653080064034774168974415

MODEL'S WORK:
----------------------------------------
Number 1 + Number 2 =
8347420586784323784423679514760895678683873225792050815963658961014213068434187687691964310649442401612363420916169758907486404917738152176301107926595112
+5064334682569193324509608257805562455336487314922731441836862323775785867931049205447556204580308587503398616225570105697342012510099825226753487109215371
=13411755269353517108933287772566458134020360540714782257800521284789998936365236893139520515229750989115762037141739864604828417427837977403054595035810483

Running total + Number 3 =
13411755269353517108933287772566458134020360540714782257800521284789998936365236893139520515229750989115762037141739864604828417427837977403054595035810483
+11900479325427067451291191822360948399176486305889066205135221499390944919597055422003668829536408791221706273151954612873128549465276332074844295500208498
=25312234594780584560224479594927406533196846846603848462935742784180943855962292315143189344766159780337468310293694477477956966893114309477898890536018981

Running total + Number 4 =
25312234594780584560224479594927406533196846846603848462935742784180943855962292315143189344766159780337468310293694477477956966893114309477898890536018981
+13058585544759232830597177392414992541116619759398197234382667170595046561369688603550955490653337358904971093109237252128371415546762678905738037423613589
=38370820139539817390821656987342399074313466606002045697318409954775990417331980918694144835419497139242439403402931729606328382439876988383636927959632570

Running total + Number 5 =
38370820139539817390821656987342399074313466606002045697318409954775990417331980918694144835419497139242439403402931729606328382439876988383636927959632570
+8495959728069786402594639319579316471343995913304496947553444704219377577356656534371561569575991046830033142969360348344681645714219122709374433223540301
=46866779867609603793416296306921715545657462519306542644871854658995367994688637453065706404995488186072472546372292077951010028154096111093011361183172871

Running total + Number 6 =
46866779867609603793416296306921715545657462519306542644871854658995367994688637453065706404995488186072472546372292077951010028154096111093011361183172871
+9933862651723353499021509791410820928829871327469880526130588338645230316026002838823435520033323288023068708590215669928402652941597534731035013128571374
=56800642519332957292437806098332536474487333846776423171002442997640598310714640291889141925028811474095541254962507747879412681095693645824046374311744245

Running total + Number 7 =
56800642519332957292437806098332536474487333846776423171002442997640598310714640291889141925028811474095541254962507747879412681095693645824046374311744245
+11221375560226455896030579998612611015180809785446988911261715888461881416154402824115898815834425632929939924506517245480841820741146580776600817078767771
=68022018079559413188468386096945147489668143632223412082264158886102479726869043116005040740863237107025481179469024993360254501836840226600647191390512016

Running total + Number 8 =
68022018079559413188468386096945147489668143632223412082264158886102479726869043116005040740863237107025481179469024993360254501836840226600647191390512016
+623738562141594289865036685711081271111499173467349027639443094954027187911669366491304657392655692392778275252859484173315371921837630440022660838075124
=68645756641701007478333422782656228760779642805690761109903601981056506914780712482496345398255892799418259454721884477533569873758677857040669852228587140

Running total + Number 9 =
68645756641701007478333422782656228760779642805690761109903601981056506914780712482496345398255892799418259454721884477533569873758677857040669852228587140
+1618075042015577199820388218971110618545079519000600869193745140841458429413055622417892826598049619242039756769464316699016672000305124144630538077124818
=70263831683716584678153810901627339379324722324691361979097347121897965344193768104914238224853942418660299211491348894232586545758982981185300390305711958

Running total + Number 10 =
70263831683716584678153810901627339379324722324691361979097347121897965344193768104914238224853942418660299211491348894232586545758982981185300390305711958
+1866542071127232259362839236445613182970404488358099972793618650749586102900304486525877093769713850443876565161461541726810234645932936197201162615360647
=72130373754843816937516650138072952562295126813049461951890965772647551447094072591440115318623656269104175776652810435959496780404915917382501552921072605

Running total + Number 11 =
72130373754843816937516650138072952562295126813049461951890965772647551447094072591440115318623656269104175776652810435959496780404915917382501552921072605
+6071489508498754520030993884145819580332910778393398254654935725032638576495127850974450664911968165541790925872185274588065532319448292944855085294876892
=78101863263342571457547644022218772142628037591442860206545901497680190023589100442414565983535624434645966702524995710547562312724364210327356638215949497

Running total + Number 12 =
78101863263342571457547644022218772142628037591442860206545901497680190023589100442414565983535624434645966702524995710547562312724364210327356638215949497
+1685850326226363636459921984108877208758613819564003671910211359890395742954964732653998304500655528399060749076799931966350552890635358980549998723377831
=79787713589568935094007566006327649351386651411006863878456112857570585766544065175068564288036279963045027451601795642513912865615099569307906636939327328

Running total + Number 13 =
79787713589568935094007566006327649351386651411006863878456112857570585766544065175068564288036279963045027451601795642513912865615099569307906636939327328
+11568905232621051578027527341228567836235198376827817804015809291638868562135516999479068325844931567545189486979957766371596303615274299675240709079438741
=91356618822189986672035093347556217187621849787834681682471922149209454328679582174547632613881211530590216938581753408885509169230373868983147346018766069

Running total + Number 14 =
91356618822189986672035093347556217187621849787834681682471922149209454328679582174547632613881211530590216938581753408885509169230373868983147346018766069
+13082092950761649674667375338486710480925705213200549925657089124139488115565266826724788280003361526722775323414201856501714510004146393677877297469240753
=104438711772951636346702468686042927668547555001035231608129011273348942444244848001272420893884573057312992261995955265387223679234520262661024643488006822

Running total + Number 15 =
104438711772951636346702468686042927668547555001035231608129011273348942444244848001272420893884573057312992261995955265387223679234520262661024643488006822
+544378408995404334938583527837732858050074644456904873741598283987171429250192033968961272494224437774015438697633176591279445981220847372728417504533743
=104983090181947040681641052213880660526597629645492136481870609557336113873495040035241382166378797495087007700693588441978503125215741110033753060992540565

Running total + Number 16 =
104983090181947040681641052213880660526597629645492136481870609557336113873495040035241382166378797495087007700693588441978503125215741110033753060992540565
+344766686541874551281006420290508328984988412942725370267681929079184595856214942101040507773569192070643727312212896059224158295768358981895243875513178
=105327856868488915232922058634171168855582618058434861852138291486415298469351254977342422674152366687157651427,?
